228
870
029
52
014
016
16
310
788
87
90
85
72
780
716
83
058
507
671
46B
765
106
559
664
720
913
63
69
53
200
60
709
715
73
160
073
769
772
071
118
44
75
81
61
311
170
38
514
19L
508
075
910
341
70
309
412
8
705
714
670
773
881
128
30
32
762
451
105
163
409
20
791
781
786
98
223
905
49
H
495
46
360
492
62
64
649
916
88
490
92
313
558
504
045
047
n500
435
542
990
33
31
201
280
74
063
065
03
04B
04
708
556
450
515
520
107
012
980
911
23
628
446
247
93
506
338
80
337
301
723
779
424
40
334
86
89
336
05
712
706
906
981
904
M30
91
983
766
046
070
05B
06
71
111
211
14NAV
3NAV
51
719
545
2
296
6040
4885
324
3070
242
302
317
4458
5842
1156
250
143
327
320
256
277
1257
6304
17
27
238
5347
6766
22
4225
2377
6339
2146
25
261
11
4357
6343
6373
1816
5314
345
1488
2047
3928
307
4193
4489
629
